01104430
01124000
01125100
01184000
01193050
01196500
01201487
01208500
01208990
01382210
01388000
01400500
01408167
01408500
01433500
01463500
01473500
01474500
01480617
01480870
01481000
01481500
01484080
01484085
01484525
01487150
01493112
01540500
01542500
01544500
01548303
01549700
01567000
01570500
01608500
01611500
01632900
01645704
01645762
01646000
01646305
01646500
01648010
01649190
01649500
01650800
0165389205
01654000
01654500
01656903
01658000
0166818623
0166818985
01673000
02035000
02042222
0209303205
02101726
02110400
02110500
02110550
02110701
02110704
0212378405
02135000
02148315
02156500
02160105
02160700
02162035
02168504
02169000
02171645
02198920
02198950
021989773
021989792
02203655
02203700
02203863
02203900
02203950
02203960
02204037
02207135
02207160
02208450
02208493
02217643
02231254
02231291
02234000
02234500
02235500
02236000
02244040
02245260
02264000
02264100
02266200
02266300
02293249
02315626
02319302
02320250
02322688
02323502
02323566
02336120
02336152
023362095
02336240
02336300
02336313
02336340
02336360
02336410
02336526
02336728
02337170
023432415
02344630
02397530
02423130
02423160
02423397
02423496
02455980
02457595
02458450
02492620
03007800
03025500
03027500
03034000
03036000
03058000
03061000
03067510
03072655
03073000
03075070
03081000
03083500
03098600
03105500
03106000
03121850
03183500
03219500
03228300
03238140
03238745
03238772
03254520
03255349
03259757
03259813
03289200
03292470
03292474
03292475
03292480
03293000
03293500
03293510
03293530
03294570
03297800
03297900
03298000
03298135
03298150
03298300
03301900
03302000
03302030
03302050
03321500
03339000
03346500
03353200
03353420
03374100
03408500
03409500
03430200
03432350
03432400
03460795
03512000
03538830
03539600
03539778
03597860
03612600
04024000
04027000
04040000
04059500
04067500
04085108
040851385
04087030
04087088
04087119
04087120
04087142
040871488
04087170
04092750
04095090
04101500
04108660
04119400
04121944
04121970
04124000
04124200
04125460
04125550
04136000
04136500
04136900
04137005
04137500
04142000
041482663
04157005
04166500
04167150
04168400
04174500
04176500
04188496
04195500
04199500
04200500
04208000
04213152
04213500
04231600
04249000
05054000
05057000
05057200
05082500
05406457
05406469
05406479
05406500
05418400
05420500
05435943
05435950
05446500
05447500
05451080
05451210
05515500
05518000
05524500
05579630
05595000
05599490
06336000
06436760
06461500
06465500
06478522
06670500
06711565
06795500
06800500
06805500
06818000
06887500
06892350
06892513
06893300
06893350
06893390
06893620
06893820
06893890
06893970
06894000
06934500
07048600
07061270
07061290
07075250
07075270
07106000
07109500
07143672
07144100
07144780
07164500
07177500
071912213
07191222
07198000
07239450
07241000
07241520
07241550
07257500
07263296
072632966
07332620
07332622
07374000
07381600
08048000
08049500
08052700
08052745
08057000
08057410
08062500
08065350
08068000
08068500
08070200
08155500
08171290
08180700
08181500
08181800
08188060
08211200
08317400
08374550
08375300
08412500
08437710
08446500
08447000
08447300
09041400
09326500
09327000
09406000
10129900
10133650
10133800
10133980
11044000
11126000
11128500
11273400
11285500
11313433
11337190
11447650
11447830
11447850
11447890
11455165
11455315
11455350
11462500
11463000
11463682
11463980
11465240
11467000
12100490
12101100
12102075
13013650
13173600
13206400
13207500
13213000
13213100
14151000
14162500
14181500
14202650
14206950
14210000
14211010
14211720
14301500
14302480
15298040
385446094430700
385520094420000
385608094380300
411955088280601
