01104430
01124000
01125100
01184000
01196500
01201487
01208500
01208990
01382210
01408167
01484080
01484085
01487150
01648010
0165389205
01654000
01654500
01658000
0166818623
0166818985
02042222
0209303205
02110500
02110550
0212378405
02162035
02171645
021989773
02203960
02204037
02207135
02207160
02208450
02208493
02217643
02231254
02231291
02235500
02264000
02293249
02315626
02319302
02320250
02322688
02323502
02323566
023362095
02336340
02397530
02423160
02492620
03238140
03238745
03238772
03254520
03255349
03259757
03259813
03289200
03293510
03321500
03339000
03346500
03353420
03430200
03432350
03432400
03512000
03597860
03612600
040871488
04087170
04119400
041482663
04157005
04168400
04213152
05406479
05420500
05446500
05447500
05518000
05524500
05595000
05599490
06478522
06670500
06818000
06892513
06893300
06893350
07048600
07075270
07374000
07381600
08048000
08052745
08057000
08057410
08155500
08188060
08374550
08375300
08412500
08437710
08446500
08447000
08447300
09327000
11128500
11285500
11313433
11337190
11447830
11447850
11447890
11455165
11455315
11455350
11465240
12101100
12102075
13173600
13206400
14151000
14162500
14202650
15298040
385446094430700
385520094420000
385608094380300
411955088280601
